10
15
0 1 4.55 4.79
0 2 24.08 1.06
0 3 6.52 3.37
0 4 4.51 5.00
0 5 3.85 3.75
0 6 4.22 2.81
0 7 4.01 5.10
0 8 5.93 5.02
0 9 29.12 0.33
1 2 6.81 4.46
1 3 18.79 0.14
1 4 4.69 3.09
1 5 4.07 2.69
1 6 6.41 5.20
1 7 20.35 0.12
1 8 4.33 4.09
1 9 4.96 3.27
2 3 4.04 3.66
2 4 5.31 5.07
2 5 6.47 5.63
2 6 5.13 5.46
2 7 3.99 5.12
2 8 5.27 4.76
2 9 28.81 0.25
3 4 5.29 3.30
3 5 4.72 4.18
3 6 3.91 4.62
3 7 20.51 0.43
3 8 5.20 5.80
3 9 3.91 4.98
4 5 28.79 0.40
4 6 28.03 0.70
4 7 4.22 4.09
4 8 15.59 1.48
4 9 6.73 2.99
5 6 26.86 1.20
5 7 4.09 2.27
5 8 20.30 0.45
5 9 3.06 4.52
6 7 3.07 2.42
6 8 10.03 0.26
6 9 6.57 5.18
7 8 6.63 4.09
7 9 4.30 3.28
8 9 5.84 2.62
