20
40
0 1 3.83 3.93
0 2 5.22 3.38
0 3 11.72 0.41
0 4 5.34 2.25
0 5 4.47 3.17
0 6 4.13 4.56
0 7 4.42 4.25
0 8 5.51 4.24
0 9 6.87 3.79
0 10 10.88 0.36
0 11 4.06 2.61
0 12 4.75 3.82
0 13 3.88 2.49
0 14 18.89 0.32
0 15 5.88 4.86
0 16 6.33 3.35
0 17 3.87 5.60
0 18 4.24 4.08
0 19 15.30 0.48
1 2 19.28 0.34
1 3 4.00 2.60
1 4 4.79 2.42
1 5 11.76 0.27
1 6 5.26 3.69
1 7 3.68 2.26
1 8 3.11 2.17
1 9 13.11 0.35
1 10 6.31 2.77
1 11 3.78 5.80
1 12 6.80 3.35
1 13 5.65 5.88
1 14 6.55 4.71
1 15 3.63 5.78
1 16 6.52 3.20
1 17 4.29 2.42
1 18 3.78 2.16
1 19 3.50 3.67
2 3 5.78 3.39
2 4 3.15 3.06
2 5 18.88 0.21
2 6 6.32 5.09
2 7 3.45 4.08
2 8 3.06 3.01
2 9 23.33 0.05
2 10 6.59 2.23
2 11 6.84 5.90
2 12 5.54 3.44
2 13 5.98 3.56
2 14 5.53 2.39
2 15 6.46 5.14
2 16 5.60 4.74
2 17 6.88 5.97
2 18 5.88 4.96
2 19 6.32 5.16
3 4 3.00 5.57
3 5 4.15 3.20
3 6 6.95 5.41
3 7 4.29 4.86
3 8 3.28 5.22
3 9 4.78 3.10
3 10 15.88 0.09
3 11 5.00 5.12
3 12 3.43 4.45
3 13 5.65 4.73
3 14 13.08 0.36
3 15 5.38 5.38
3 16 5.99 2.13
3 17 3.10 2.68
3 18 5.89 5.88
3 19 13.72 0.46
4 5 3.15 4.21
4 6 5.36 3.22
4 7 19.39 0.47
4 8 11.72 0.38
4 9 5.22 2.51
4 10 3.48 4.62
4 11 29.61 0.47
4 12 29.28 0.02
4 13 23.30 0.33
4 14 6.82 5.97
4 15 16.38 0.06
4 16 5.29 2.49
4 17 13.08 0.35
4 18 29.16 0.43
4 19 6.25 4.52
5 6 6.56 3.42
5 7 3.31 5.62
5 8 5.90 3.17
5 9 14.01 0.38
5 10 3.13 5.55
5 11 5.41 4.12
5 12 3.08 4.35
5 13 6.85 3.87
5 14 4.14 4.06
5 15 5.47 4.97
5 16 5.82 3.06
5 17 5.78 2.88
5 18 5.52 4.32
5 19 5.53 4.91
6 7 5.29 5.21
6 8 5.07 3.04
6 9 6.47 5.59
6 10 3.02 5.65
6 11 5.10 5.76
6 12 5.28 3.92
6 13 3.74 4.57
6 14 6.52 4.07
6 15 3.52 4.26
6 16 20.45 0.25
6 17 5.95 2.23
6 18 6.29 4.71
6 19 6.73 4.69
7 8 15.27 0.31
7 9 5.23 4.42
7 10 4.85 2.07
7 11 19.31 0.20
7 12 14.93 0.44
7 13 21.66 0.09
7 14 5.33 2.42
7 15 17.20 0.34
7 16 5.08 2.81
7 17 16.62 0.22
7 18 22.54 0.25
7 19 3.46 5.82
8 9 6.94 2.39
8 10 5.20 3.49
8 11 29.72 0.01
8 12 25.15 0.23
8 13 19.87 0.43
8 14 4.81 3.68
8 15 16.37 0.25
8 16 5.38 3.22
8 17 19.92 0.38
8 18 14.87 0.12
8 19 6.94 4.62
9 10 4.88 2.09
9 11 6.90 3.72
9 12 4.97 5.05
9 13 5.61 2.38
9 14 5.92 3.51
9 15 6.61 3.89
9 16 3.37 4.49
9 17 3.18 5.30
9 18 5.96 4.60
9 19 6.44 3.63
10 11 4.42 5.63
10 12 3.07 2.82
10 13 5.07 4.84
10 14 22.92 0.04
10 15 4.16 5.21
10 16 6.50 5.21
10 17 3.37 3.86
10 18 3.57 4.19
10 19 15.51 0.06
11 12 28.70 0.16
11 13 10.49 0.21
11 14 6.17 2.18
11 15 26.21 0.37
11 16 3.77 4.93
11 17 12.77 0.47
11 18 12.04 0.21
11 19 4.57 2.88
12 13 26.70 0.50
12 14 4.65 5.40
12 15 18.34 0.32
12 16 6.86 3.80
12 17 16.57 0.17
12 18 12.54 0.07
12 19 6.37 4.85
13 14 6.05 3.58
13 15 23.23 0.02
13 16 6.65 5.25
13 17 29.91 0.12
13 18 11.99 0.04
13 19 4.02 5.36
14 15 5.92 4.37
14 16 5.13 5.49
14 17 6.38 3.77
14 18 5.67 5.30
14 19 15.73 0.45
15 16 3.48 2.55
15 17 18.40 0.27
15 18 20.94 0.34
15 19 3.20 5.44
16 17 4.59 2.50
16 18 4.26 5.60
16 19 6.73 2.33
17 18 18.58 0.38
17 19 6.17 3.94
18 19 3.47 3.98
