50
98
0 1 3.92 3.49
0 2 5.12 6.11
0 3 5.60 4.42
0 4 3.64 2.93
0 5 11.51 0.28
0 6 5.93 6.88
0 7 19.76 0.38
0 8 3.68 2.48
0 9 3.08 2.72
0 10 3.22 6.55
0 11 3.09 4.91
0 12 4.01 4.18
0 13 3.13 6.91
0 14 4.03 6.66
0 15 4.02 4.52
0 16 4.80 4.32
0 17 5.54 7.49
0 18 5.53 7.10
0 19 4.80 5.31
0 20 4.03 3.57
0 21 6.36 2.18
0 22 5.81 3.98
0 23 6.78 3.65
0 24 28.33 0.09
0 25 6.97 4.72
0 26 3.32 6.99
0 27 6.01 2.53
0 28 3.32 6.26
0 29 6.92 2.47
0 30 5.91 5.14
0 31 6.47 4.96
0 32 3.64 3.81
0 33 6.11 5.27
0 34 3.34 4.57
0 35 6.70 4.29
0 36 3.20 7.39
0 37 5.80 5.80
0 38 6.13 4.84
0 39 4.90 5.54
0 40 5.31 6.26
0 41 6.64 7.84
0 42 4.33 3.47
0 43 6.93 6.12
0 44 6.77 5.86
0 45 4.14 6.21
0 46 3.61 3.89
0 47 5.24 4.33
0 48 3.55 5.49
0 49 5.75 5.95
1 2 24.65 0.20
1 3 4.88 2.32
1 4 10.42 0.34
1 5 6.11 6.69
1 6 11.59 0.10
1 7 6.94 7.41
1 8 6.55 5.12
1 9 3.01 2.09
1 10 5.77 5.79
1 11 4.47 4.67
1 12 6.46 7.37
1 13 4.37 3.30
1 14 5.36 6.32
1 15 26.58 0.44
1 16 6.97 6.85
1 17 4.34 5.68
1 18 6.29 2.28
1 19 5.91 3.82
1 20 3.42 3.95
1 21 4.42 3.60
1 22 6.51 6.67
1 23 5.29 4.96
1 24 4.67 5.11
1 25 4.88 3.41
1 26 3.52 2.84
1 27 3.88 7.31
1 28 6.50 3.33
1 29 3.46 3.60
1 30 6.92 7.66
1 31 5.44 5.35
1 32 3.94 7.37
1 33 6.84 3.42
1 34 3.30 2.54
1 35 4.21 4.03
1 36 6.58 4.28
1 37 5.45 2.80
1 38 6.61 5.15
1 39 4.80 7.71
1 40 3.24 6.40
1 41 3.93 7.19
1 42 6.36 4.50
1 43 6.25 5.84
1 44 3.35 5.01
1 45 3.07 2.91
1 46 5.79 6.76
1 47 6.40 6.72
1 48 4.11 5.72
1 49 6.07 7.57
2 3 6.01 7.87
2 4 27.74 0.35
2 5 6.62 4.83
2 6 27.03 0.20
2 7 6.94 4.16
2 8 5.14 3.99
2 9 5.98 5.90
2 10 3.10 2.59
2 11 4.46 2.63
2 12 3.83 2.70
2 13 3.13 6.18
2 14 5.78 3.35
2 15 17.10 0.15
2 16 3.65 3.20
2 17 4.64 2.09
2 18 3.16 4.98
2 19 3.30 6.75
2 20 4.30 5.16
2 21 4.57 4.70
2 22 6.73 7.68
2 23 6.67 6.58
2 24 5.93 2.33
2 25 3.69 2.53
2 26 4.87 3.10
2 27 6.65 2.73
2 28 6.49 5.25
2 29 6.21 6.93
2 30 3.40 2.59
2 31 5.76 6.89
2 32 6.40 4.97
2 33 5.31 4.95
2 34 5.02 5.99
2 35 5.73 3.83
2 36 3.66 7.89
2 37 4.11 4.21
2 38 6.53 6.02
2 39 5.65 4.61
2 40 6.69 3.29
2 41 6.35 7.58
2 42 3.73 2.21
2 43 5.57 2.85
2 44 5.72 6.32
2 45 3.42 7.95
2 46 4.75 6.08
2 47 6.82 5.30
2 48 3.91 7.57
2 49 3.94 7.82
3 4 6.51 4.29
3 5 5.60 3.73
3 6 6.05 4.42
3 7 4.06 3.10
3 8 4.70 6.48
3 9 4.95 6.70
3 10 5.79 6.93
3 11 6.21 6.20
3 12 6.96 7.46
3 13 6.17 2.44
3 14 6.36 2.34
3 15 5.84 3.26
3 16 4.13 2.26
3 17 4.69 5.99
3 18 6.84 6.93
3 19 6.30 3.02
3 20 17.24 0.12
3 21 15.32 0.42
3 22 6.65 6.12
3 23 3.21 5.56
3 24 6.90 5.22
3 25 4.24 6.74
3 26 4.52 2.21
3 27 6.13 5.99
3 28 6.61 6.98
3 29 5.34 5.78
3 30 3.66 3.52
3 31 4.60 6.32
3 32 4.19 4.21
3 33 6.47 2.21
3 34 3.23 5.35
3 35 4.33 7.72
3 36 5.86 3.14
3 37 5.58 6.06
3 38 4.54 3.29
3 39 6.14 3.57
3 40 4.00 5.80
3 41 3.60 3.74
3 42 6.76 3.87
3 43 4.35 6.16
3 44 5.12 5.34
3 45 3.98 4.40
3 46 4.83 2.57
3 47 5.72 7.36
3 48 4.68 7.48
3 49 4.87 4.57
4 5 3.56 5.73
4 6 20.42 0.30
4 7 3.43 3.50
4 8 5.40 2.39
4 9 5.53 3.78
4 10 5.34 3.98
4 11 6.55 5.98
4 12 4.43 7.53
4 13 5.78 4.83
4 14 6.68 5.04
4 15 16.52 0.23
4 16 5.36 7.35
4 17 4.30 2.53
4 18 5.86 3.40
4 19 4.73 2.22
4 20 3.90 5.80
4 21 4.57 6.49
4 22 5.93 5.30
4 23 3.86 7.07
4 24 5.05 2.05
4 25 6.76 7.56
4 26 5.15 2.45
4 27 6.58 7.52
4 28 3.59 5.65
4 29 6.65 6.88
4 30 6.87 3.18
4 31 3.29 7.45
4 32 4.88 5.05
4 33 3.01 4.13
4 34 3.20 4.81
4 35 5.36 5.92
4 36 5.33 6.30
4 37 4.25 7.78
4 38 6.75 4.62
4 39 4.00 3.05
4 40 4.37 2.57
4 41 6.12 5.32
4 42 3.72 7.77
4 43 4.79 6.14
4 44 3.53 7.50
4 45 6.67 4.65
4 46 3.94 3.44
4 47 4.53 2.24
4 48 3.06 6.97
4 49 3.81 7.46
5 6 5.56 3.52
5 7 23.63 0.03
5 8 4.63 3.70
5 9 6.91 4.38
5 10 3.13 7.35
5 11 5.63 2.96
5 12 5.44 4.84
5 13 6.99 4.86
5 14 4.01 5.66
5 15 3.03 4.46
5 16 4.93 3.97
5 17 6.97 3.35
5 18 5.61 3.30
5 19 6.68 2.02
5 20 4.85 2.74
5 21 5.51 7.45
5 22 6.88 4.26
5 23 6.25 3.45
5 24 21.32 0.42
5 25 4.51 7.53
5 26 3.73 5.31
5 27 4.94 4.04
5 28 6.40 4.56
5 29 4.88 7.53
5 30 6.40 6.60
5 31 5.57 5.86
5 32 4.45 4.81
5 33 6.93 4.30
5 34 5.49 2.79
5 35 3.38 3.69
5 36 4.57 7.31
5 37 4.36 2.88
5 38 6.57 3.55
5 39 3.49 7.65
5 40 6.02 2.40
5 41 5.60 4.01
5 42 3.30 7.52
5 43 3.11 6.61
5 44 3.55 4.13
5 45 6.89 5.63
5 46 5.38 7.94
5 47 3.81 7.92
5 48 4.28 6.52
5 49 4.84 5.14
6 7 6.06 4.53
6 8 6.46 7.47
6 9 3.78 3.85
6 10 5.30 5.63
6 11 4.20 4.02
6 12 4.19 3.87
6 13 5.41 5.00
6 14 5.12 6.14
6 15 24.69 0.26
6 16 6.29 5.47
6 17 4.02 6.33
6 18 3.32 6.52
6 19 6.95 5.30
6 20 5.46 7.40
6 21 3.71 5.28
6 22 6.20 3.97
6 23 4.12 2.51
6 24 6.47 3.32
6 25 5.29 3.67
6 26 5.16 5.18
6 27 4.70 7.86
6 28 5.94 3.22
6 29 3.59 5.40
6 30 4.61 3.36
6 31 3.75 2.33
6 32 5.30 2.10
6 33 4.80 2.21
6 34 3.17 4.69
6 35 3.43 6.54
6 36 5.54 4.72
6 37 6.47 5.92
6 38 3.38 5.91
6 39 6.70 7.86
6 40 5.28 7.02
6 41 3.19 5.81
6 42 4.91 2.13
6 43 5.46 6.82
6 44 6.45 5.75
6 45 5.56 2.08
6 46 6.03 2.40
6 47 3.96 4.05
6 48 3.91 5.03
6 49 6.89 3.17
7 8 5.35 4.76
7 9 3.35 2.97
7 10 5.28 5.10
7 11 4.88 6.68
7 12 6.18 4.18
7 13 4.24 3.38
7 14 3.33 6.96
7 15 5.03 4.90
7 16 5.61 6.31
7 17 6.44 6.04
7 18 4.35 2.90
7 19 4.44 4.80
7 20 5.98 6.18
7 21 4.65 2.64
7 22 6.69 3.79
7 23 4.92 4.17
7 24 17.50 0.20
7 25 6.05 3.11
7 26 5.16 7.46
7 27 6.87 6.36
7 28 4.79 3.84
7 29 3.65 5.62
7 30 3.99 5.16
7 31 6.71 6.53
7 32 6.37 3.55
7 33 6.85 2.61
7 34 4.82 6.18
7 35 6.45 2.43
7 36 6.39 7.25
7 37 6.81 2.81
7 38 6.31 5.56
7 39 3.90 7.00
7 40 6.43 6.52
7 41 6.72 4.32
7 42 4.67 3.89
7 43 6.65 6.55
7 44 4.41 7.65
7 45 3.94 5.22
7 46 6.04 2.46
7 47 6.30 6.18
7 48 6.78 3.52
7 49 6.21 5.63
8 9 3.29 7.54
8 10 6.59 3.79
8 11 4.60 4.95
8 12 11.42 0.31
8 13 6.30 7.43
8 14 4.87 7.45
8 15 4.87 6.35
8 16 5.10 5.03
8 17 3.06 3.19
8 18 6.15 2.45
8 19 5.24 7.16
8 20 4.69 6.85
8 21 6.69 7.55
8 22 5.38 5.08
8 23 4.73 6.69
8 24 4.81 2.64
8 25 6.28 3.62
8 26 6.07 3.33
8 27 6.51 5.31
8 28 4.59 2.15
8 29 3.42 3.67
8 30 3.45 3.27
8 31 6.31 5.31
8 32 4.47 2.22
8 33 6.22 6.40
8 34 6.06 2.48
8 35 6.32 7.53
8 36 3.28 6.37
8 37 6.83 7.30
8 38 5.55 7.55
8 39 3.70 4.63
8 40 3.04 4.99
8 41 4.13 5.99
8 42 6.22 3.66
8 43 5.22 6.30
8 44 4.09 2.27
8 45 4.06 6.46
8 46 5.35 2.06
8 47 5.15 2.80
8 48 4.64 3.55
8 49 6.29 4.13
9 10 6.32 2.09
9 11 5.87 5.15
9 12 3.97 5.19
9 13 3.45 4.42
9 14 4.95 6.76
9 15 6.79 5.21
9 16 4.14 4.94
9 17 3.75 3.60
9 18 3.64 7.12
9 19 10.90 0.09
9 20 4.82 3.73
9 21 4.20 7.60
9 22 6.52 7.45
9 23 3.80 4.52
9 24 3.35 5.30
9 25 3.45 4.03
9 26 4.83 4.61
9 27 4.84 3.44
9 28 3.17 4.06
9 29 6.58 5.73
9 30 6.83 7.42
9 31 5.15 3.23
9 32 6.37 6.98
9 33 5.45 4.77
9 34 3.41 2.16
9 35 5.95 3.33
9 36 5.18 3.20
9 37 4.41 3.07
9 38 4.79 4.18
9 39 4.39 4.39
9 40 4.93 7.36
9 41 6.11 3.98
9 42 5.69 6.98
9 43 4.22 3.40
9 44 4.04 4.37
9 45 3.64 7.18
9 46 3.17 5.81
9 47 5.88 7.05
9 48 3.45 7.62
9 49 6.92 6.81
10 11 3.53 6.00
10 12 3.13 7.31
10 13 4.97 2.93
10 14 6.44 5.66
10 15 3.74 7.22
10 16 14.68 0.15
10 17 18.84 0.42
10 18 5.59 7.65
10 19 6.48 7.14
10 20 4.63 5.28
10 21 3.76 7.27
10 22 3.58 8.00
10 23 4.08 7.81
10 24 6.25 4.80
10 25 4.11 5.37
10 26 6.61 3.90
10 27 6.77 5.89
10 28 4.65 5.08
10 29 3.11 2.45
10 30 5.16 3.85
10 31 3.49 4.90
10 32 3.22 2.41
10 33 6.96 3.79
10 34 3.29 3.67
10 35 4.99 2.04
10 36 6.22 5.25
10 37 4.04 3.29
10 38 3.49 6.99
10 39 5.16 5.16
10 40 6.13 6.44
10 41 6.88 7.46
10 42 5.32 4.09
10 43 3.03 3.50
10 44 3.66 4.35
10 45 3.25 2.48
10 46 5.23 5.76
10 47 4.99 6.85
10 48 4.86 4.99
10 49 6.98 3.63
11 12 5.40 6.36
11 13 10.60 0.45
11 14 27.45 0.25
11 15 4.03 7.99
11 16 6.01 7.75
11 17 3.39 6.36
11 18 26.94 0.40
11 19 5.72 5.58
11 20 3.38 3.37
11 21 5.56 7.76
11 22 3.29 6.74
11 23 23.00 0.07
11 24 4.34 4.61
11 25 3.17 6.39
11 26 6.70 4.40
11 27 4.02 5.47
11 28 5.98 6.41
11 29 3.92 2.41
11 30 4.29 4.95
11 31 5.94 3.99
11 32 5.77 7.69
11 33 3.84 4.43
11 34 3.82 3.18
11 35 4.31 5.93
11 36 5.34 4.05
11 37 5.57 7.42
11 38 3.25 7.58
11 39 5.77 2.34
11 40 3.71 3.26
11 41 4.92 5.60
11 42 6.29 5.86
11 43 3.29 6.98
11 44 4.21 2.60
11 45 4.77 4.28
11 46 3.83 6.73
11 47 3.45 5.45
11 48 5.07 5.45
11 49 6.36 2.78
12 13 6.31 4.54
12 14 6.93 2.19
12 15 3.46 4.16
12 16 3.01 2.54
12 17 4.14 2.98
12 18 3.78 2.90
12 19 3.68 6.40
12 20 4.51 6.79
12 21 5.84 3.54
12 22 3.41 6.88
12 23 3.32 5.81
12 24 4.24 2.74
12 25 6.12 7.99
12 26 6.63 4.86
12 27 3.92 4.35
12 28 3.77 4.79
12 29 5.86 2.57
12 30 5.27 7.74
12 31 5.29 3.81
12 32 6.85 3.95
12 33 6.83 3.50
12 34 3.56 7.05
12 35 4.63 2.66
12 36 3.69 6.85
12 37 3.26 4.88
12 38 3.54 4.17
12 39 4.08 7.82
12 40 3.20 2.88
12 41 4.14 7.03
12 42 5.72 6.33
12 43 6.21 6.59
12 44 6.14 4.01
12 45 4.91 6.91
12 46 5.56 6.30
12 47 4.10 3.55
12 48 5.89 2.99
12 49 3.70 7.39
13 14 28.74 0.10
13 15 4.07 6.12
13 16 4.96 6.54
13 17 6.68 6.09
13 18 16.70 0.46
13 19 4.86 4.57
13 20 5.19 4.36
13 21 6.90 2.14
13 22 5.30 6.63
13 23 11.46 0.13
13 24 4.74 2.26
13 25 4.20 2.92
13 26 4.47 7.33
13 27 6.26 5.26
13 28 3.99 6.43
13 29 5.15 6.16
13 30 3.34 2.23
13 31 6.84 4.87
13 32 3.09 2.12
13 33 4.96 4.42
13 34 3.52 7.30
13 35 4.91 5.80
13 36 3.36 2.41
13 37 4.08 5.04
13 38 5.50 4.82
13 39 3.11 3.18
13 40 3.07 5.05
13 41 3.18 6.77
13 42 6.63 3.25
13 43 3.30 5.06
13 44 5.82 2.27
13 45 4.10 3.23
13 46 5.61 5.99
13 47 4.59 4.30
13 48 5.92 5.76
13 49 4.20 6.12
14 15 3.29 7.28
14 16 4.93 4.28
14 17 3.65 5.51
14 18 15.44 0.31
14 19 6.40 7.88
14 20 6.41 5.38
14 21 4.58 3.67
14 22 3.94 6.21
14 23 10.86 0.13
14 24 4.19 3.71
14 25 3.55 3.85
14 26 6.54 6.24
14 27 3.23 7.34
14 28 6.51 7.88
14 29 5.85 5.48
14 30 4.44 4.92
14 31 6.86 6.98
14 32 5.78 4.79
14 33 5.05 6.39
14 34 5.21 3.58
14 35 6.58 3.38
14 36 6.60 6.33
14 37 3.62 2.95
14 38 4.38 7.97
14 39 3.20 6.25
14 40 3.38 5.34
14 41 3.93 5.21
14 42 3.71 2.82
14 43 6.68 5.67
14 44 3.98 5.03
14 45 5.38 7.84
14 46 4.24 4.52
14 47 3.09 6.30
14 48 3.46 2.37
14 49 4.61 5.90
15 16 5.88 7.27
15 17 6.32 3.28
15 18 5.30 7.57
15 19 5.43 6.44
15 20 5.65 3.99
15 21 5.69 3.70
15 22 5.86 4.13
15 23 4.56 7.60
15 24 6.39 3.42
15 25 4.22 7.24
15 26 4.32 6.05
15 27 3.01 2.20
15 28 5.08 6.24
15 29 6.17 7.88
15 30 3.38 3.66
15 31 6.36 5.26
15 32 3.97 2.28
15 33 4.64 2.68
15 34 6.40 4.18
15 35 4.81 3.36
15 36 4.50 3.09
15 37 6.83 3.50
15 38 6.43 4.68
15 39 3.93 6.75
15 40 4.24 5.27
15 41 6.39 7.72
15 42 6.22 3.57
15 43 5.37 5.17
15 44 4.44 4.84
15 45 3.76 4.96
15 46 4.24 7.08
15 47 6.18 3.42
15 48 3.37 2.16
15 49 3.88 7.17
16 17 21.81 0.26
16 18 4.69 7.62
16 19 3.28 5.33
16 20 3.51 7.30
16 21 5.84 4.54
16 22 4.36 3.87
16 23 4.57 3.75
16 24 5.42 4.12
16 25 3.59 3.17
16 26 4.16 7.95
16 27 3.42 5.93
16 28 5.24 6.94
16 29 5.98 7.88
16 30 6.61 2.96
16 31 4.84 6.96
16 32 4.23 6.60
16 33 5.23 4.05
16 34 6.24 7.21
16 35 4.29 6.61
16 36 5.54 4.38
16 37 3.30 6.03
16 38 6.41 5.01
16 39 5.78 5.10
16 40 3.27 4.49
16 41 6.60 3.61
16 42 4.66 2.35
16 43 4.67 2.00
16 44 4.31 5.58
16 45 6.17 4.86
16 46 5.76 2.30
16 47 6.85 5.64
16 48 6.53 2.89
16 49 6.16 2.55
17 18 3.51 2.42
17 19 3.27 2.04
17 20 6.16 4.51
17 21 4.62 5.23
17 22 4.79 3.07
17 23 5.25 2.89
17 24 6.97 2.95
17 25 3.70 5.58
17 26 4.10 6.02
17 27 5.63 7.20
17 28 4.76 4.98
17 29 6.48 3.47
17 30 3.72 3.51
17 31 6.37 5.46
17 32 3.17 3.57
17 33 3.57 5.32
17 34 4.22 6.85
17 35 3.13 5.44
17 36 3.41 4.54
17 37 5.11 7.79
17 38 6.30 4.19
17 39 3.29 7.68
17 40 7.00 6.63
17 41 6.92 6.17
17 42 4.10 5.10
17 43 4.97 7.17
17 44 3.50 2.79
17 45 3.33 5.94
17 46 3.19 4.05
17 47 4.38 5.96
17 48 5.32 4.79
17 49 4.35 7.94
18 19 4.32 4.23
18 20 5.76 7.71
18 21 5.70 4.12
18 22 4.61 7.29
18 23 10.16 0.11
18 24 5.97 2.23
18 25 4.59 7.35
18 26 5.22 4.07
18 27 5.87 6.95
18 28 6.80 2.94
18 29 3.76 5.09
18 30 6.68 2.43
18 31 4.79 3.98
18 32 4.09 7.15
18 33 3.41 3.82
18 34 5.18 6.32
18 35 3.94 3.11
18 36 3.02 5.16
18 37 6.05 5.10
18 38 5.19 2.90
18 39 3.38 6.33
18 40 3.77 2.60
18 41 6.88 7.31
18 42 5.82 3.94
18 43 5.17 7.66
18 44 5.15 5.26
18 45 5.67 6.68
18 46 3.15 3.49
18 47 5.24 3.07
18 48 4.53 7.23
18 49 3.21 7.32
19 20 4.80 6.65
19 21 3.08 6.60
19 22 4.99 4.32
19 23 4.53 3.18
19 24 4.56 5.40
19 25 5.22 3.55
19 26 5.00 4.95
19 27 6.42 2.23
19 28 6.02 7.68
19 29 6.46 4.12
19 30 6.25 7.26
19 31 3.96 4.85
19 32 5.26 3.93
19 33 4.38 7.57
19 34 3.99 3.82
19 35 4.03 7.73
19 36 3.69 7.74
19 37 3.55 3.64
19 38 5.87 3.89
19 39 4.17 6.11
19 40 6.44 5.36
19 41 6.09 4.73
19 42 3.47 4.77
19 43 6.96 4.86
19 44 4.88 6.59
19 45 3.67 2.57
19 46 5.62 3.02
19 47 4.46 4.84
19 48 6.26 3.17
19 49 5.14 5.40
20 21 25.47 0.10
20 22 4.32 4.48
20 23 6.56 7.51
20 24 4.68 3.31
20 25 4.49 5.80
20 26 3.06 7.53
20 27 6.96 2.26
20 28 3.45 6.22
20 29 3.69 7.48
20 30 5.49 2.72
20 31 4.29 3.86
20 32 4.85 6.54
20 33 3.79 3.20
20 34 3.90 3.48
20 35 3.66 6.61
20 36 6.03 6.05
20 37 3.79 5.23
20 38 3.62 7.45
20 39 5.83 7.82
20 40 3.61 3.28
20 41 6.28 5.63
20 42 4.99 3.67
20 43 3.06 6.18
20 44 4.27 5.54
20 45 5.65 3.56
20 46 3.40 5.09
20 47 5.22 6.05
20 48 4.30 3.46
20 49 4.01 4.17
21 22 5.94 2.26
21 23 5.25 6.47
21 24 4.26 4.31
21 25 4.38 7.82
21 26 3.76 7.59
21 27 6.15 3.39
21 28 4.18 6.38
21 29 4.61 5.67
21 30 6.93 7.62
21 31 5.03 7.68
21 32 4.64 7.81
21 33 3.06 6.50
21 34 4.31 7.61
21 35 3.87 6.46
21 36 6.14 3.21
21 37 4.68 2.32
21 38 5.02 2.31
21 39 5.14 3.49
21 40 3.04 7.62
21 41 3.02 4.17
21 42 6.94 6.44
21 43 6.94 2.47
21 44 4.40 6.57
21 45 6.90 6.27
21 46 6.24 6.05
21 47 4.73 6.43
21 48 6.77 3.71
21 49 5.39 7.12
22 23 3.66 7.26
22 24 5.78 5.35
22 25 3.89 3.06
22 26 4.55 7.16
22 27 5.10 3.04
22 28 5.56 3.27
22 29 3.10 3.43
22 30 4.70 2.13
22 31 3.89 4.12
22 32 6.44 7.91
22 33 19.68 0.40
22 34 5.44 3.97
22 35 26.05 0.38
22 36 23.34 0.30
22 37 21.63 0.46
22 38 3.90 7.73
22 39 5.01 5.10
22 40 4.46 2.67
22 41 4.14 6.95
22 42 3.92 2.20
22 43 3.55 7.50
22 44 5.59 5.58
22 45 5.91 5.85
22 46 6.00 5.71
22 47 6.41 4.67
22 48 4.08 7.72
22 49 6.16 2.27
23 24 6.67 6.94
23 25 4.73 6.31
23 26 3.75 5.82
23 27 4.50 5.76
23 28 6.51 4.91
23 29 3.95 3.18
23 30 5.47 6.27
23 31 4.66 5.82
23 32 6.96 2.03
23 33 3.06 5.69
23 34 5.67 6.67
23 35 3.32 6.18
23 36 4.81 4.91
23 37 6.60 7.09
23 38 6.83 5.55
23 39 4.12 7.62
23 40 5.03 3.77
23 41 5.50 3.41
23 42 5.13 7.21
23 43 4.12 6.74
23 44 3.29 6.85
23 45 3.79 7.17
23 46 5.58 4.87
23 47 6.28 2.75
23 48 4.12 6.62
23 49 4.84 2.99
24 25 3.36 7.91
24 26 4.78 4.78
24 27 6.02 3.50
24 28 5.59 2.06
24 29 6.08 5.90
24 30 6.16 2.96
24 31 6.59 3.86
24 32 5.08 6.59
24 33 3.96 2.42
24 34 4.92 6.77
24 35 5.29 7.31
24 36 4.24 7.81
24 37 4.49 4.48
24 38 4.86 4.55
24 39 3.16 6.53
24 40 4.35 2.46
24 41 3.49 4.31
24 42 6.35 3.38
24 43 4.23 3.26
24 44 3.19 5.66
24 45 4.60 5.04
24 46 4.54 6.36
24 47 6.70 2.65
24 48 3.69 7.26
24 49 5.77 7.47
25 26 4.69 7.85
25 27 6.24 3.95
25 28 3.05 6.99
25 29 24.79 0.31
25 30 6.20 4.21
25 31 14.77 0.14
25 32 6.93 7.31
25 33 4.42 3.29
25 34 5.56 2.48
25 35 4.10 2.15
25 36 5.15 6.42
25 37 6.33 2.41
25 38 3.81 3.70
25 39 10.77 0.14
25 40 5.66 4.98
25 41 3.72 4.14
25 42 18.04 0.20
25 43 14.29 0.17
25 44 11.96 0.18
25 45 13.19 0.29
25 46 6.21 7.33
25 47 3.71 4.91
25 48 4.15 4.27
25 49 15.08 0.07
26 27 3.60 5.93
26 28 5.31 6.53
26 29 6.85 6.14
26 30 4.54 3.52
26 31 4.06 3.71
26 32 17.47 0.12
26 33 5.68 7.46
26 34 5.66 7.08
26 35 4.20 3.64
26 36 4.69 5.82
26 37 4.85 5.70
26 38 20.04 0.27
26 39 6.17 7.93
26 40 3.12 3.44
26 41 4.11 2.18
26 42 6.52 5.44
26 43 4.88 5.35
26 44 5.85 2.03
26 45 5.33 3.55
26 46 28.04 0.07
26 47 14.61 0.25
26 48 27.36 0.39
26 49 4.20 7.49
27 28 18.45 0.19
27 29 5.68 5.72
27 30 26.25 0.32
27 31 4.79 6.66
27 32 5.79 3.63
27 33 4.17 5.87
27 34 26.63 0.26
27 35 6.08 4.72
27 36 4.06 7.62
27 37 3.03 2.68
27 38 4.00 7.29
27 39 5.60 2.24
27 40 25.36 0.34
27 41 25.53 0.17
27 42 6.56 6.52
27 43 4.73 6.83
27 44 5.54 7.64
27 45 4.23 7.15
27 46 3.47 6.03
27 47 4.79 2.14
27 48 3.34 2.11
27 49 3.43 5.85
28 29 3.48 5.26
28 30 13.92 0.41
28 31 3.53 2.98
28 32 5.28 6.74
28 33 4.19 6.90
28 34 11.41 0.30
28 35 6.39 6.83
28 36 3.34 5.03
28 37 5.58 4.28
28 38 5.05 3.58
28 39 6.29 5.72
28 40 22.07 0.25
28 41 21.98 0.23
28 42 6.11 3.81
28 43 5.29 2.41
28 44 4.87 3.21
28 45 3.19 2.56
28 46 3.85 7.73
28 47 4.60 3.41
28 48 3.15 4.42
28 49 5.44 3.42
29 30 5.08 3.93
29 31 25.34 0.41
29 32 6.82 4.61
29 33 6.95 2.42
29 34 3.11 2.88
29 35 4.59 6.53
29 36 3.53 3.75
29 37 6.53 7.63
29 38 3.27 6.08
29 39 11.35 0.47
29 40 3.69 4.26
29 41 6.10 4.75
29 42 24.32 0.14
29 43 27.05 0.43
29 44 16.35 0.31
29 45 27.59 0.24
29 46 6.77 4.76
29 47 5.87 3.41
29 48 5.60 2.03
29 49 18.42 0.43
30 31 4.14 7.99
30 32 4.55 4.60
30 33 5.52 4.40
30 34 24.26 0.47
30 35 3.85 7.80
30 36 5.08 5.96
30 37 4.14 6.71
30 38 6.87 3.77
30 39 4.25 4.44
30 40 15.41 0.43
30 41 16.13 0.30
30 42 3.42 4.85
30 43 3.70 3.41
30 44 4.14 6.73
30 45 4.46 4.21
30 46 4.07 6.72
30 47 5.30 7.44
30 48 4.08 7.89
30 49 5.16 4.80
31 32 5.53 7.27
31 33 6.01 6.69
31 34 4.42 6.46
31 35 6.06 4.77
31 36 5.91 3.16
31 37 6.59 3.59
31 38 4.82 3.91
31 39 15.30 0.39
31 40 6.47 4.88
31 41 6.14 7.06
31 42 22.46 0.41
31 43 22.21 0.31
31 44 14.28 0.40
31 45 23.82 0.18
31 46 3.05 6.69
31 47 5.20 4.53
31 48 5.14 5.30
31 49 29.88 0.26
32 33 5.50 6.88
32 34 6.70 2.53
32 35 4.44 5.71
32 36 5.98 7.46
32 37 5.58 3.48
32 38 20.27 0.28
32 39 6.85 7.77
32 40 5.75 4.95
32 41 6.80 5.94
32 42 3.61 4.56
32 43 6.51 2.06
32 44 3.31 4.34
32 45 6.00 2.63
32 46 12.29 0.19
32 47 26.43 0.46
32 48 21.55 0.23
32 49 3.10 2.24
33 34 6.42 5.42
33 35 15.23 0.19
33 36 21.59 0.27
33 37 11.66 0.36
33 38 5.12 4.71
33 39 3.82 7.95
33 40 3.58 6.53
33 41 4.46 2.64
33 42 4.12 6.30
33 43 3.81 5.77
33 44 3.10 2.76
33 45 4.49 2.42
33 46 5.35 3.70
33 47 6.96 6.94
33 48 6.89 4.75
33 49 3.41 2.71
34 35 3.99 7.66
34 36 5.22 7.82
34 37 4.71 4.96
34 38 5.59 5.73
34 39 4.77 5.38
34 40 13.22 0.16
34 41 29.97 0.09
34 42 5.04 3.15
34 43 5.80 4.66
34 44 3.49 4.39
34 45 6.25 7.52
34 46 5.56 7.67
34 47 5.52 6.76
34 48 4.05 2.31
34 49 3.41 2.32
35 36 19.67 0.48
35 37 26.75 0.27
35 38 6.68 7.06
35 39 5.71 7.27
35 40 4.05 4.79
35 41 6.77 5.68
35 42 4.17 5.91
35 43 4.27 6.64
35 44 5.05 4.05
35 45 4.29 6.72
35 46 5.42 2.73
35 47 3.17 4.70
35 48 5.35 6.02
35 49 3.82 7.01
36 37 15.29 0.42
36 38 6.28 6.22
36 39 3.92 3.51
36 40 4.03 2.51
36 41 6.37 4.00
36 42 5.21 7.86
36 43 5.04 6.51
36 44 3.79 5.22
36 45 6.23 5.49
36 46 3.11 6.09
36 47 4.09 3.34
36 48 6.95 3.15
36 49 5.72 2.74
37 38 5.68 2.50
37 39 3.85 6.30
37 40 3.46 4.86
37 41 4.90 5.08
37 42 6.98 3.79
37 43 5.96 5.10
37 44 6.22 5.59
37 45 4.21 5.78
37 46 3.84 4.80
37 47 6.09 4.60
37 48 5.36 5.67
37 49 3.37 5.58
38 39 5.45 6.37
38 40 6.33 7.52
38 41 6.58 4.01
38 42 5.58 3.01
38 43 5.88 4.61
38 44 3.35 5.76
38 45 4.77 7.37
38 46 24.90 0.31
38 47 12.14 0.10
38 48 15.03 0.07
38 49 4.85 7.62
39 40 3.38 6.41
39 41 5.90 5.22
39 42 16.29 0.24
39 43 18.58 0.04
39 44 19.49 0.43
39 45 18.51 0.08
39 46 5.92 3.02
39 47 5.89 4.10
39 48 6.49 4.94
39 49 23.44 0.06
40 41 15.03 0.31
40 42 5.69 2.05
40 43 4.54 8.00
40 44 4.48 5.57
40 45 3.43 5.70
40 46 6.68 4.69
40 47 5.22 6.36
40 48 3.68 3.77
40 49 4.86 7.73
41 42 4.27 2.82
41 43 3.27 2.20
41 44 6.49 5.80
41 45 5.91 3.36
41 46 6.78 7.72
41 47 3.16 7.98
41 48 5.81 6.65
41 49 4.49 7.88
42 43 21.53 0.33
42 44 26.95 0.29
42 45 26.58 0.19
42 46 3.09 7.69
42 47 5.57 4.44
42 48 4.02 6.35
42 49 15.32 0.12
43 44 12.37 0.04
43 45 15.24 0.42
43 46 6.64 4.29
43 47 3.64 7.59
43 48 6.28 4.76
43 49 12.47 0.10
44 45 23.14 0.25
44 46 4.10 7.41
44 47 3.01 2.41
44 48 6.48 3.25
44 49 15.32 0.26
45 46 3.72 6.41
45 47 6.25 6.05
45 48 6.25 4.94
45 49 29.50 0.16
46 47 12.00 0.06
46 48 13.78 0.46
46 49 4.98 4.10
47 48 28.88 0.30
47 49 5.25 5.47
48 49 3.03 5.56
